100
22 92 0.562
37 84 1.023
63 80 1.097
78 81 1.102
62 86 1.307
32 65 1.536
17 78 1.56
15 84 1.822
54 75 2.368
5 10 2.872
40 74 2.965
40 57 3.006
0 84 3.768
23 42 4.081
38 63 4.35
40 41 4.593
5 61 5.499
37 69 5.678
39 50 6.084
12 91 6.153
23 54 6.202
52 62 6.263
1 96 6.525
22 88 6.824
18 82 6.87
54 88 6.872
77 99 7.154
2 76 7.272
8 37 7.679
85 92 7.857
18 89 7.987
2 67 8.311
48 91 8.556
39 65 9.26
10 64 9.455
34 35 9.648
53 70 9.744
59 69 9.764
5 47 9.786
51 95 10.372
11 63 10.524
58 84 10.524
12 88 10.682
54 77 11.648
1 28 11.953
61 67 12.034
19 85 12.282
1 18 12.485
71 87 12.88
57 80 12.898
2 60 12.942
27 59 12.968
25 56 13.028
25 99 13.032
84 94 13.381
31 68 13.578
70 91 13.608
50 72 14.0
33 73 14.164
55 61 14.796
82 97 15.052
22 51 15.811
0 15 15.844
7 78 15.902
15 97 16.036
19 34 16.61
31 62 16.643
55 86 16.865
63 89 17.144
34 39 17.167
9 50 17.248
10 44 17.268
67 80 17.575
22 64 17.749
33 65 17.751
9 54 17.828
50 71 17.866
16 95 17.994
24 63 18.003
7 64 18.208
62 77 18.38
79 83 18.394
22 46 18.481
5 14 18.548
3 22 18.994
1 90 19.06
23 46 19.315
11 23 19.408
27 94 19.583
78 84 19.712
31 72 19.885
6 80 19.903
11 69 20.38
44 78 20.602
26 41 20.662
40 70 21.0
57 99 21.003
42 95 21.125
1 33 21.381
29 80 21.387
40 86 21.387
53 89 21.623
1 38 21.707
23 76 21.954
44 86 22.3
54 92 22.355
42 75 22.471
16 82 22.728
58 78 22.778
9 32 23.198
22 89 23.551
19 73 23.74
39 73 23.744
46 82 23.949
67 69 24.001
41 85 24.031
9 79 24.08
52 84 24.329
20 41 25.416
51 73 25.808
69 73 26.028
41 66 26.098
92 97 26.453
50 68 26.829
4 15 27.161
4 85 27.38
37 46 27.571
7 86 27.581
3 9 27.589
63 93 27.819
74 80 27.854
23 43 28.543
15 74 28.908
76 77 29.097
51 84 29.263
30 78 29.345
29 81 29.536
52 72 30.264
2 29 30.433
29 75 30.653
36 87 31.347
77 95 31.357
59 72 31.358
69 93 31.605
23 27 31.841
93 98 31.913
14 21 32.07
25 68 32.141
41 59 32.419
4 42 33.027
17 91 33.601
0 89 33.725
18 39 34.276
52 93 34.703
61 71 34.888
58 96 35.67
0 8 35.829
17 92 35.997
36 48 36.824
46 74 37.156
6 55 37.337
29 77 37.65
56 87 38.616
13 98 38.666
13 21 38.764
6 35 38.801
31 92 38.894
65 82 39.293
3 32 39.981
38 43 40.017
13 51 40.093
1 22 40.121
90 96 40.167
58 83 40.301
37 98 40.311
24 46 41.095
0 78 41.129
4 7 41.202
18 50 41.515
56 71 41.669
14 23 42.542
37 88 42.734
18 74 42.92
88 93 43.636
36 56 44.542
52 71 45.226
10 63 45.243
13 40 46.064
14 43 46.372
22 70 46.994
68 70 47.315
2 98 47.583
43 47 47.662
90 92 47.913
27 85 47.936
21 93 48.089
29 35 48.439
12 65 48.492
25 69 48.748
39 40 49.706
26 55 50.105
15 70 50.263
4 56 50.817
34 87 50.868
25 59 51.232
88 90 51.841
61 83 52.081
31 84 52.091
18 58 52.433
41 80 52.607
14 57 52.612
19 60 53.691
14 58 53.701
50 90 53.871
31 78 53.886
28 56 53.911
0 11 54.102
42 63 54.145
55 63 54.97
40 43 54.984
6 61 55.082
50 88 55.18
27 88 55.633
19 26 55.662
11 80 55.686
69 90 55.941
53 76 56.221
69 71 57.159
2 43 57.184
58 90 57.211
8 16 57.67
21 58 58.052
84 87 58.59
25 49 58.62
2 56 59.019
20 64 59.93
78 92 60.039
11 81 60.373
31 93 60.519
79 96 60.705
64 70 60.764
42 66 61.072
38 70 61.177
70 98 61.282
26 68 61.292
10 18 61.836
16 41 62.192
11 86 62.313
76 81 62.866
34 36 62.871
1 23 62.971
14 53 63.536
30 83 63.897
24 74 64.07
17 35 64.285
26 82 64.481
1 79 64.864
46 91 65.238
25 70 65.324
20 63 65.617
4 61 65.7
23 65 65.913
4 24 66.377
29 42 66.418
5 50 66.944
0 27 67.061
11 25 67.278
24 72 67.387
14 83 67.623
49 90 67.73
14 92 68.258
13 75 68.481
55 84 69.069
36 93 69.801
35 83 69.972
36 55 70.231
34 84 70.279
4 48 70.454
10 30 70.917
10 28 71.052
2 39 71.205
70 81 71.426
28 99 71.944
17 83 72.101
44 49 72.782
0 2 72.92
30 51 73.066
12 69 73.474
51 62 73.542
25 40 74.216
56 93 74.902
44 54 75.005
25 80 75.115
49 57 75.24
32 71 75.276
26 32 75.327
41 57 75.632
33 61 76.221
60 76 76.473
90 93 76.656
54 70 77.144
62 69 77.303
9 60 77.406
40 89 77.477
24 71 77.582
2 51 77.601
21 64 77.749
7 34 77.925
33 60 78.1
6 75 78.404
12 60 78.485
48 55 78.534
19 74 78.773
56 85 78.956
68 77 79.966
31 82 80.51
62 83 80.564
27 96 81.179
6 32 81.324
88 92 81.467
19 55 81.54
2 64 82.99
25 62 83.214
55 72 83.397
38 90 83.469
65 85 83.775
25 78 84.42
8 81 84.554
4 54 84.63
8 47 85.407
17 28 85.583
19 48 85.844
34 74 85.887
89 99 85.893
16 38 85.928
7 61 86.028
19 54 86.119
49 54 86.323
27 50 86.436
4 6 86.441
55 94 86.447
44 45 86.73
15 99 86.751
35 87 86.933
23 98 88.181
39 75 88.206
46 90 88.516
5 64 88.592
18 63 88.805
44 68 89.189
56 72 89.313
29 66 89.748
26 64 89.897
59 68 90.8
45 91 90.963
78 98 90.995
65 72 91.003
60 97 91.141
57 76 91.247
95 99 91.307
21 95 91.526
13 30 91.632
44 91 91.905
49 67 92.949
14 34 93.044
4 5 93.152
86 91 93.296
27 46 93.706
26 99 94.085
48 59 94.38
37 44 94.681
10 58 95.059
26 58 95.472
19 93 95.87
80 83 95.897
13 73 95.903
45 87 95.919
8 55 96.047
78 90 96.128
50 55 96.299
9 36 96.581
9 76 96.592
21 92 96.753
18 32 96.903
0 9 96.96
31 71 97.259
37 93 97.303
7 68 97.36
8 80 97.375
46 69 97.461
65 86 97.578
24 30 97.836
18 65 98.135
22 80 98.377
71 88 98.395
7 94 98.574
57 89 98.786
66 81 98.951
12 95 99.379
