40
8 39 98.562
3 32 97.15
1 26 96.333
9 17 95.707
12 24 94.944
12 28 94.769
5 30 93.355
22 34 92.956
14 33 92.36
1 28 91.844
32 36 91.52
18 27 91.007
14 24 89.775
6 18 88.741
36 37 88.028
7 34 87.732
9 18 86.961
21 37 85.802
4 13 81.06
12 14 79.704
35 38 77.641
0 6 77.124
21 28 76.539
31 35 75.657
5 33 74.659
2 36 74.074
32 35 72.998
8 29 72.224
15 33 71.881
0 39 70.08
3 38 69.549
12 34 68.649
1 35 68.435
16 31 66.666
13 19 63.571
1 36 63.16
7 10 58.959
16 23 58.719
30 31 58.378
34 35 55.086
32 37 51.296
14 37 51.02
0 9 49.301
20 22 48.982
27 30 48.51
3 5 47.552
1 3 44.985
24 26 44.729
25 36 42.733
21 26 42.057
2 39 40.846
10 37 38.053
6 36 36.766
22 35 32.983
23 37 32.772
25 27 32.488
8 13 31.171
1 8 28.45
1 4 27.887
23 32 27.807
26 35 26.163
10 39 25.856
7 39 25.394
20 31 24.878
5 18 22.821
5 8 21.697
6 27 20.057
26 38 19.501
15 24 15.471
1 17 15.157
17 36 11.925
13 20 11.229
22 25 9.519
7 11 8.592
14 38 8.416
11 37 8.412
7 33 7.615
4 6 6.59
24 30 3.673
