99 98 97 96 95 94 93 92 91 90 89 88 87 86 85 84 83 82 81 80 79 78 77 76 75 74 73 72 71 70 69 68 67 66 65 64 63 62 61 60 59 58 57 56 55 54 53 52 51 50 49 48 47 46 45 44 43 42 41 40 39 38 37 36 35 34 33 32 31 30 29 28 27 26 25 24 23 22 21 20 19 18 17 16 15 14 13 12 11 10 9 8 7 6 5 4 3 2 1 0 
67 99
24 98
24 97
23 96
83 95
23 94
70 93
69 92
22 91
67 90
68 89
21 88
68 87
20 86
20 85
19 84
83 87
19 82
18 81
18 80
48 79
17 78
69 77
17 76
75 87
16 74
16 73
15 72
15 71
70 87
14 69
14 67
13 66
65 88
13 64
12 63
62 89
12 61
56 60
59 75
58 83
10 57
10 56
55 89
54 84
9 53
52 86
51 98
50 88
8 49
48 89
7 47
7 46
45 97
26 44
34 43
5 42
40 41
35 40
39 72
38 45
4 37
3 36
35 68
3 34
2 33
32 88
2 31
30 94
29 73
28 47
27 34
0 26
25 36
24 99
23 95
22 92
21 89
20 87
19 83
18 79
17 77
16 75
15 70
14 68
13 65
12 62
11 58
10 55
9 54
8 50
7 48
6 43
5 40
4 39
3 35
2 32
1 28
0 27
