99 98 97 96 95 94 93 92 91 90 89 88 87 86 85 84 83 82 81 80 79 78 77 76 75 74 73 72 71 70 69 68 67 66 65 64 63 62 61 60 59 58 57 56 55 54 53 52 51 50 49 48 47 46 45 44 43 42 41 40 39 38 37 36 35 34 33 32 31 30 29 28 27 26 25 24 23 22 21 20 19 18 17 16 15 14 13 12 11 10 9 8 7 6 5 4 3 2 1 0 
24 99
60 98
24 97
47 96
23 95
23 94
22 93
22 92
78 91
41 90
41 89
21 88
72 87
20 86
60 85
46 84
19 83
19 82
18 81
55 80
18 79
47 78
17 77
17 76
75 76
16 74
51 73
15 72
15 71
48 70
48 69
14 68
14 67
66 73
65 68
59 64
59 63
62 76
42 61
48 60
11 59
11 58
49 57
50 56
52 55
9 54
9 53
47 52
8 51
46 50
8 49
7 48
7 47
37 45
34 44
27 43
5 42
5 41
40 84
39 56
38 58
37 53
26 36
3 35
34 82
2 33
32 84
2 31
30 96
29 34
28 91
27 57
26 56
0 25
24 98
23 96
22 91
21 90
20 85
19 84
18 80
17 78
16 73
15 70
14 69
13 65
12 62
11 60
10 55
9 52
8 50
7 46
6 44
5 40
4 39
3 34
2 32
1 30
0 26
