99 98 97 96 95 94 93 92 91 90 89 88 87 86 85 84 83 82 81 80 79 78 77 76 75 74 73 72 71 70 69 68 67 66 65 64 63 62 61 60 59 58 57 56 55 54 53 52 51 50 49 48 47 46 45 44 43 42 41 40 39 38 37 36 35 34 33 32 31 30 29 28 27 26 25 24 23 22 21 20 19 18 17 16 15 14 13 12 11 10 9 8 7 6 5 4 3 2 1 0 
24 99
24 98
27 97
59 96
95 99
80 94
22 93
22 92
25 91
21 90
54 89
88 99
27 87
20 86
20 85
19 84
26 83
19 82
81 87
18 80
18 79
37 78
17 77
17 76
75 83
74 98
69 73
15 72
69 71
70 86
39 69
14 68
14 67
13 66
25 65
49 64
12 63
62 91
12 61
50 60
37 59
11 58
10 57
56 91
10 55
49 54
53 66
9 52
8 51
8 50
27 49
48 78
25 47
46 51
6 45
6 44
43 88
42 80
41 62
5 40
4 39
4 38
27 37
3 36
35 97
3 34
33 51
2 32
2 31
30 33
29 38
1 28
0 26
0 25
24 97
0 23
22 91
0 21
20 87
19 83
18 81
17 78
16 75
15 70
14 69
13 64
12 62
11 59
10 56
9 54
8 49
7 47
6 43
5 42
4 37
3 35
2 33
1 29
0 27
