99 98 97 96 95 94 93 92 91 90 89 88 87 86 85 84 83 82 81 80 79 78 77 76 75 74 73 72 71 70 69 68 67 66 65 64 63 62 61 60 59 58 57 56 55 54 53 52 51 50 49 48 47 46 45 44 43 42 41 40 39 38 37 36 35 34 33 32 31 30 29 28 27 26 25 24 23 22 21 20 19 18 17 16 15 14 13 12 11 10 9 8 7 6 5 4 3 2 1 0 
87 99
59 98
45 97
23 96
69 95
81 94
76 93
34 92
69 91
66 90
21 89
21 88
87 95
20 86
20 85
19 84
81 83
19 82
65 81
18 80
18 79
17 78
17 77
66 76
16 75
68 74
68 73
69 72
67 71
15 70
64 69
14 68
14 67
13 66
13 65
12 63
62 64
12 61
11 60
59 69
34 58
43 57
25 56
10 55
29 54
9 53
49 52
44 51
50 61
8 49
7 48
7 47
46 90
6 45
44 66
6 43
27 42
41 81
5 40
4 39
38 88
4 37
36 62
3 35
34 62
2 33
2 32
2 31
30 90
1 29
28 66
0 27
26 28
25 44
24 97
23 95
22 93
21 90
20 87
19 83
18 81
17 76
16 74
15 72
14 69
13 64
12 62
11 59
10 56
9 52
8 51
7 46
6 44
5 41
4 38
3 34
2 13
1 28
0 25
