98 97 96 95 94 93 92 91 90 89 88 87 86 85 84 83 82 81 80 79 78 77 76 75 74 73 72 71 70 69 68 67 66 65 64 63 62 61 60 59 58 57 56 55 54 53 52 51 50 49 48 47 46 45 44 43 42 41 40 39 38 37 36 35 34 33 32 31 30 29 28 27 26 25 24 23 22 21 20 19 18 17 16 15 14 13 12 11 10 9 8 7 6 5 4 3 2 1 0 
97 98
96 97
95 96
94 95
93 94
60 93
92 93
91 92
90 95
89 90
78 88
87 88
30 86
84 85
83 84
19 83
82 83
81 82
79 80
66 79
78 79
77 78
76 77
62 75
74 75
73 74
71 72
70 71
69 70
68 69
67 68
58 67
66 67
65 66
39 64
62 63
61 62
60 61
59 60
58 59
57 58
56 57
55 56
54 55
52 53
52 94
50 51
50 56
49 50
48 63
35 47
20 46
44 45
17 44
14 43
42 43
12 41
39 40
38 39
37 38
37 59
36 37
35 36
33 34
32 33
32 92
31 32
30 31
29 82
28 31
27 28
26 27
25 26
23 24
23 53
22 23
20 21
19 20
18 19
18 61
17 18
15 16
15 57
14 15
13 96
11 12
6 11
10 11
9 68
8 9
6 7
5 6
5 38
4 5
3 4
2 3
0 1
0 89
