99 98 97 96 95 94 93 92 91 90 89 88 87 86 85 84 83 82 81 80 79 78 77 76 75 74 73 72 71 70 69 68 67 66 65 64 63 62 61 60 59 58 57 56 55 54 53 52 51 50 49 48 47 46 45 44 43 42 41 40 39 38 37 36 35 34 33 32 31 30 29 28 27 26 25 24 23 22 21 20 19 18 17 16 15 14 13 12 11 10 9 8 7 6 5 4 3 2 1 0 
93 99
83 98
85 97
23 96
35 95
23 94
22 93
22 92
48 91
21 90
21 89
44 88
87 95
86 96
47 85
19 84
60 83
82 94
42 81
18 80
26 79
78 90
17 77
17 76
16 75
16 74
26 73
72 85
49 71
70 91
69 87
48 68
14 67
59 66
13 65
61 64
45 63
25 62
32 61
55 60
33 59
11 58
10 57
10 56
47 55
25 54
9 53
52 94
51 96
8 50
8 49
7 48
35 47
7 46
6 45
31 44
6 43
26 42
5 41
40 61
36 39
4 38
37 39
3 36
3 34
2 33
2 32
31 35
30 93
1 29
28 38
0 27
0 26
25 35
24 97
23 95
22 91
21 88
20 87
19 82
18 79
17 78
16 73
15 72
14 69
13 64
12 62
11 59
10 55
9 54
8 51
7 47
6 44
5 42
4 39
3 35
2 31
1 28
0 25
