99 98 97 96 95 94 93 92 91 90 89 88 87 86 85 84 83 82 81 80 79 78 77 76 75 74 73 72 71 70 69 68 67 66 65 64 63 62 61 60 59 58 57 56 55 54 53 52 51 50 49 48 47 46 45 44 43 42 41 40 39 38 37 36 35 34 33 32 31 30 29 28 27 26 25 24 23 22 21 20 19 18 17 16 15 14 13 12 11 10 9 8 7 6 5 4 3 2 1 0 
24 99
77 98
85 97
23 96
23 95
52 94
93 94
90 92
22 91
21 90
21 88
31 87
53 86
57 85
84 90
19 83
19 82
32 81
18 80
18 79
46 78
66 77
70 76
16 75
74 88
16 73
72 89
15 71
15 70
30 69
29 68
67 82
13 66
13 65
64 89
55 63
45 62
61 78
35 60
59 65
11 58
35 57
10 56
10 55
9 54
9 53
34 52
8 51
8 50
31 49
7 48
7 47
46 72
45 92
39 44
6 43
5 42
5 41
40 66
39 72
38 64
4 37
3 36
3 35
34 89
2 33
32 89
2 31
1 30
1 29
28 32
27 74
26 55
0 25
21 24
23 94
22 92
21 89
20 85
19 84
18 81
17 77
16 74
15 72
14 21
13 64
12 62
11 59
10 57
9 52
8 49
7 46
6 44
5 40
4 38
3 34
2 32
1 28
0 27
