99 98 97 96 95 94 93 92 91 90 89 88 87 86 85 84 83 82 81 80 79 78 77 76 75 74 73 72 71 70 69 68 67 66 65 64 63 62 61 60 59 58 57 56 55 54 53 52 51 50 49 48 47 46 45 44 43 42 41 40 39 38 37 36 35 34 33 32 31 30 29 28 27 26 25 24 23 22 21 20 19 18 17 16 15 14 13 12 11 10 9 8 7 6 5 4 3 2 1 0 
28 99
61 98
47 97
75 96
23 95
23 94
22 93
22 92
88 91
21 90
21 89
86 88
20 87
74 86
20 85
19 84
83 86
19 82
18 81
41 80
18 79
17 78
42 77
41 76
16 75
16 73
65 72
71 94
69 70
61 69
30 68
30 67
66 89
62 65
42 64
12 63
62 73
12 61
40 60
59 91
11 58
57 96
25 56
55 76
54 78
9 53
46 52
51 96
50 78
44 49
40 48
7 47
46 62
6 45
44 85
43 95
42 74
5 41
5 40
4 39
33 38
37 89
36 89
3 35
30 34
33 90
32 64
31 42
1 30
29 73
28 29
0 27
26 87
0 25
24 98
23 96
22 91
21 88
20 86
19 83
18 80
17 77
16 74
15 72
14 69
13 64
12 62
11 60
10 57
9 54
8 51
7 46
6 44
5 42
4 37
3 36
2 31
1 29
0 26
