99 98 97 96 95 94 93 92 91 90 89 88 87 86 85 84 83 82 81 80 79 78 77 76 75 74 73 72 71 70 69 68 67 66 65 64 63 62 61 60 59 58 57 56 55 54 53 52 51 50 49 48 47 46 45 44 43 42 41 40 39 38 37 36 35 34 33 32 31 30 29 28 27 26 25 24 23 22 21 20 19 18 17 16 15 14 13 12 11 10 9 8 7 6 5 4 3 2 1 0 
41 99
24 98
24 97
23 96
23 95
86 94
41 93
78 92
22 91
39 90
21 89
34 88
20 87
52 86
20 85
19 84
19 83
76 82
81 90
80 97
79 87
17 78
17 77
39 75
44 74
26 73
56 72
63 71
62 70
61 69
14 68
61 67
55 66
65 91
39 64
12 63
62 78
12 61
11 60
11 59
52 58
10 57
56 77
10 55
9 54
9 53
52 76
8 51
50 77
8 49
7 48
39 47
46 66
45 92
6 44
43 85
42 76
5 41
5 40
39 40
36 38
37 84
3 36
3 35
34 42
33 34
32 78
31 63
1 30
1 29
28 77
27 56
0 26
0 25
24 99
23 94
22 92
21 88
20 86
19 82
18 79
17 76
16 75
15 70
14 67
13 66
12 62
11 58
10 56
9 52
8 50
7 46
6 45
5 42
4 37
3 34
2 32
1 28
0 27
