99 98 97 96 95 94 93 92 91 90 89 88 87 86 85 84 83 82 81 80 79 78 77 76 75 74 73 72 71 70 69 68 67 66 65 64 63 62 61 60 59 58 57 56 55 54 53 52 51 50 49 48 47 46 45 44 43 42 41 40 39 38 37 36 35 34 33 32 31 30 29 28 27 26 25 24 23 22 21 20 19 18 17 16 15 14 13 12 11 10 9 8 7 6 5 4 3 2 1 0 
90 99
87 98
24 97
23 95
23 94
22 93
62 92
22 91
21 90
21 89
84 88
20 87
86 96
20 85
84 96
19 83
19 82
76 81
80 98
18 79
17 78
17 77
76 86
75 95
66 74
16 73
15 72
71 80
31 70
69 94
68 82
67 96
66 82
57 65
13 64
12 63
62 96
12 61
60 63
11 59
11 58
10 57
10 56
55 94
54 92
53 69
52 90
8 51
8 50
49 62
7 48
47 91
46 62
45 83
6 44
43 85
5 42
41 50
40 50
39 85
4 38
4 37
3 36
35 75
34 68
33 49
32 85
31 89
1 30
29 95
28 56
27 97
26 73
25 73
24 98
23 96
22 92
21 88
20 86
19 84
18 80
17 76
16 75
12 15
14 67
13 66
12 62
11 60
10 55
9 54
8 49
7 46
6 45
5 40
4 39
3 34
2 31
1 29
0 26
