99 98 97 96 95 94 93 92 91 90 89 88 87 86 85 84 83 82 81 80 79 78 77 76 75 74 73 72 71 70 69 68 67 66 65 64 63 62 61 60 59 58 57 56 55 54 53 52 51 50 49 48 47 46 45 44 43 42 41 40 39 38 37 36 35 34 33 32 31 30 29 28 27 26 25 24 23 22 21 20 19 18 17 16 15 14 13 12 11 10 9 8 7 6 5 4 3 2 1 0 
80 99
88 98
24 97
23 96
84 95
23 94
22 93
88 92
22 91
21 90
21 89
35 88
76 87
62 86
78 85
35 84
19 83
19 82
18 81
63 80
62 79
36 78
17 77
17 76
16 75
57 74
73 88
63 72
55 71
15 70
69 77
14 68
67 86
13 66
13 65
64 88
12 63
36 62
12 61
60 82
59 90
11 58
35 57
10 56
10 55
9 54
52 53
52 77
51 53
50 54
49 96
48 80
47 86
7 46
45 77
44 76
43 76
42 61
41 95
40 89
25 39
38 84
4 37
3 35
3 34
2 33
2 32
31 88
30 55
29 61
1 28
0 27
0 26
25 77
24 98
23 95
22 92
21 88
20 85
19 84
18 80
17 78
16 73
15 72
14 69
13 64
12 62
11 59
10 57
9 52
8 49
7 48
6 44
5 42
4 38
3 36
2 31
1 29
0 25
