99 98 97 96 95 94 93 92 91 90 89 88 87 86 85 84 83 82 81 80 79 78 77 76 75 74 73 72 71 70 69 68 67 66 65 64 63 62 61 60 59 58 57 56 55 54 53 52 51 50 49 48 47 46 45 44 43 42 41 40 39 38 37 36 35 34 33 32 31 30 29 28 27 26 25 24 23 22 21 20 19 18 17 16 15 14 13 12 11 10 9 8 7 6 5 4 3 2 1 0 
24 99
38 98
24 97
23 96
23 95
39 94
43 93
39 92
22 91
80 90
89 96
21 88
20 87
20 86
39 85
19 84
83 98
60 82
18 81
18 80
38 79
17 78
77 98
34 76
70 75
74 91
36 73
15 72
15 71
44 70
14 69
68 97
14 67
13 66
13 65
13 64
63 97
62 79
12 61
37 60
11 59
11 58
57 71
45 56
55 82
9 54
53 85
9 52
51 81
8 50
49 86
7 48
36 47
7 46
45 85
37 44
6 43
42 92
41 89
5 40
4 39
4 38
4 37
34 36
3 35
34 38
33 35
2 32
31 87
30 83
29 36
28 86
27 95
0 26
0 25
24 98
23 94
22 92
21 90
20 85
19 83
18 79
17 77
16 73
15 70
14 68
13 23
12 62
11 60
10 55
9 53
8 49
4 7
6 44
5 42
3 34
2 23
1 4
0 27
