99 98 97 96 95 94 93 92 91 90 89 88 87 86 85 84 83 82 81 80 79 78 77 76 75 74 73 72 71 70 69 68 67 66 65 64 63 62 61 60 59 58 57 56 55 54 53 52 51 50 49 48 47 46 45 44 43 42 41 40 39 38 37 36 35 34 33 32 31 30 29 28 27 26 25 24 23 22 21 20 19 18 17 16 15 14 13 12 11 10 9 8 7 6 5 4 3 2 1 0 
46 99
44 98
49 97
38 96
23 95
23 94
22 93
22 92
38 91
21 90
80 89
88 92
31 87
41 86
61 85
84 88
61 83
82 86
72 81
80 95
18 79
51 78
77 78
28 76
16 75
47 74
73 94
15 72
38 71
15 70
69 98
42 68
14 67
41 66
13 65
53 64
12 63
12 62
61 71
11 60
25 59
58 63
46 57
56 83
33 55
45 54
53 70
9 52
8 51
50 71
8 49
48 93
47 91
7 46
39 45
6 44
6 43
5 42
39 41
5 40
4 39
4 37
31 36
35 95
34 36
2 33
2 32
31 71
1 30
29 39
1 28
0 27
0 26
25 37
24 97
23 96
22 91
21 88
20 85
19 83
18 81
17 78
16 73
15 71
14 68
13 66
12 61
11 59
10 57
9 53
8 50
7 47
6 45
5 41
4 38
3 35
2 31
1 29
0 25
