99 98 97 96 95 94 93 92 91 90 89 88 87 86 85 84 83 82 81 80 79 78 77 76 75 74 73 72 71 70 69 68 67 66 65 64 63 62 61 60 59 58 57 56 55 54 53 52 51 50 49 48 47 46 45 44 43 42 41 40 39 38 37 36 35 34 33 32 31 30 29 28 27 26 25 24 23 22 21 20 19 18 17 16 15 14 13 12 11 10 9 8 7 6 5 4 3 2 1 0 
24 99
24 98
77 97
23 96
23 95
22 93
54 92
91 99
21 90
21 89
88 94
25 87
75 86
25 85
84 94
19 83
19 82
81 83
80 95
18 79
17 78
77 94
17 76
59 75
74 98
42 73
49 72
51 71
30 70
14 69
68 70
67 89
59 66
30 65
34 64
63 91
48 62
61 93
11 60
59 82
58 97
57 88
56 88
10 55
54 80
9 53
52 96
30 51
38 50
8 49
48 76
44 47
7 46
6 45
44 84
6 43
42 97
5 41
40 90
4 39
38 95
4 37
36 94
3 35
3 34
33 35
2 32
31 40
30 88
29 44
28 95
27 42
26 45
25 78
24 97
23 94
22 92
21 88
20 85
19 84
18 80
17 77
16 75
15 19
14 17
13 66
12 62
11 59
10 56
9 52
8 51
7 47
6 44
5 42
4 38
3 36
2 33
1 28
0 27
