99 98 97 96 95 94 93 92 91 90 89 88 87 86 85 84 83 82 81 80 79 78 77 76 75 74 73 72 71 70 69 68 67 66 65 64 63 62 61 60 59 58 57 56 55 54 53 52 51 50 49 48 47 46 45 44 43 42 41 40 39 38 37 36 35 34 33 32 31 30 29 28 27 26 25 24 23 22 21 20 19 18 17 16 15 14 13 12 11 10 9 8 7 6 5 4 3 2 1 0 
81 99
93 98
24 97
92 96
43 95
23 94
22 93
22 92
22 91
21 90
49 89
80 88
87 91
20 86
20 85
19 84
19 83
82 92
81 93
18 80
18 79
55 78
62 77
62 76
75 82
16 74
50 73
72 96
71 81
15 70
14 69
68 86
52 67
13 66
13 65
52 64
39 63
27 62
51 61
50 60
59 86
11 58
57 62
56 80
55 85
9 54
9 53
27 52
51 96
50 81
8 49
7 48
7 47
46 92
6 45
6 44
43 93
42 53
41 62
40 59
25 39
29 38
4 37
36 45
35 51
34 48
2 33
32 92
2 31
1 30
29 32
1 28
27 91
26 82
25 91
24 99
23 96
21 88
20 87
19 82
18 81
7 17
16 75
15 71
14 68
13 22
12 63
11 59
10 56
9 52
8 50
7 46
6 43
5 40
4 39
3 34
2 32
1 29
0 25
