99 98 97 96 95 94 93 92 91 90 89 88 87 86 85 84 83 82 81 80 79 78 77 76 75 74 73 72 71 70 69 68 67 66 65 64 63 62 61 60 59 58 57 56 55 54 53 52 51 50 49 48 47 46 45 44 43 42 41 40 39 38 37 36 35 34 33 32 31 30 29 28 27 26 25 24 23 22 21 20 19 18 17 16 15 14 13 12 11 10 9 8 7 6 5 4 3 2 1 0 
83 99
24 98
24 97
45 96
85 95
30 94
55 93
22 92
81 91
84 90
21 89
83 88
74 87
55 86
20 85
19 84
19 83
73 82
44 81
80 99
52 79
17 78
73 77
17 76
16 75
16 74
72 84
15 71
15 70
14 69
68 87
14 67
66 87
43 65
64 79
12 63
12 62
61 82
32 60
59 95
58 85
57 73
10 56
10 55
54 73
9 53
9 52
51 53
50 80
8 49
48 78
47 99
7 46
6 45
44 82
6 43
42 54
5 41
5 40
4 39
38 54
4 37
3 36
35 83
3 34
33 53
32 55
31 77
30 74
1 29
28 39
27 32
25 26
25 89
24 99
16 23
22 93
21 88
20 87
19 82
18 81
17 77
16 73
15 72
14 68
13 65
12 61
11 60
10 57
9 54
8 50
7 47
6 44
5 42
4 38
3 35
2 31
1 30
0 27
