99 98 97 96 95 94 93 92 91 90 89 88 87 86 85 84 83 82 81 80 79 78 77 76 75 74 73 72 71 70 69 68 67 66 65 64 63 62 61 60 59 58 57 56 55 54 53 52 51 50 49 48 47 46 45 44 43 42 41 40 39 38 37 36 35 34 33 32 31 30 29 28 27 26 25 24 23 22 21 20 19 18 17 16 15 14 13 12 11 10 9 8 7 6 5 4 3 2 1 0 
32 99
39 98
84 97
39 96
42 95
35 94
22 93
48 92
22 91
21 90
21 89
46 88
32 87
62 86
80 85
25 84
19 83
54 82
64 81
52 80
68 79
78 93
77 90
56 76
25 75
16 74
16 73
15 72
15 71
48 70
46 69
47 68
14 67
53 66
13 65
33 64
48 63
27 62
12 61
11 60
48 59
27 58
27 57
56 75
10 55
9 54
46 53
52 70
25 51
8 50
8 49
26 48
7 47
7 46
27 45
44 48
6 43
42 84
5 41
40 47
27 39
4 38
4 37
3 36
25 35
3 34
33 47
2 32
2 31
1 30
29 36
1 28
0 27
0 25
24 98
23 94
22 92
21 88
20 86
19 84
18 80
17 76
16 75
15 70
14 69
13 66
12 62
11 59
10 56
9 52
8 51
7 48
6 44
5 40
4 39
3 35
2 33
1 7
0 26
