94 93 92 91 90 89 88 87 86 85 84 83 82 81 80 79 78 77 76 75 74 73 72 71 70 69 68 67 66 65 64 63 62 61 60 59 58 57 56 55 54 53 52 51 50 49 48 47 46 45 44 43 42 41 40 39 38 37 36 35 34 33 32 31 30 29 28 27 26 25 24 23 22 21 20 19 18 17 16 15 14 13 12 11 10 9 8 7 6 5 4 3 2 1 0 
54 94
2 93
7 92
26 91
15 90
77 89
2 88
4 87
47 86
50 85
73 84
83 84
64 82
9 81
77 80
78 79
5 78
77 78
75 76
74 75
73 74
31 72
70 71
22 70
33 69
68 75
14 67
41 66
2 65
6 64
63 64
36 62
4 61
51 60
30 59
58 59
56 57
20 56
54 55
54 75
53 54
11 52
50 51
50 84
4 49
48 49
46 47
46 73
45 46
11 44
42 43
42 69
41 42
40 42
39 40
37 38
37 47
7 36
34 35
33 34
21 33
32 33
31 70
30 32
28 29
28 73
27 28
0 26
25 85
24 83
22 23
21 22
21 74
20 21
19 70
11 18
17 40
16 53
15 71
14 42
13 14
12 76
11 34
10 11
9 32
8 30
6 7
5 6
5 74
4 54
3 4
1 2
1 5
0 1
