99 98 97 96 95 94 93 92 91 90 89 88 87 86 85 84 83 82 81 80 79 78 77 76 75 74 73 72 71 70 69 68 67 66 65 64 63 62 61 60 59 58 57 56 55 54 53 52 51 50 49 48 47 46 45 44 43 42 41 40 39 38 37 36 35 34 33 32 31 30 29 28 27 26 25 24 23 22 21 20 19 18 17 16 15 14 13 12 11 10 9 8 7 6 5 4 3 2 1 0 
24 99
24 97
54 96
23 95
68 94
22 93
75 92
22 91
21 90
55 89
74 88
20 87
20 86
31 85
19 84
32 83
82 99
61 81
80 83
18 79
78 97
17 77
76 82
31 75
16 74
16 73
72 80
15 71
54 70
14 69
37 68
14 67
13 66
13 65
31 64
63 98
62 97
12 61
11 60
11 59
58 98
10 57
56 97
10 55
54 97
9 53
52 78
51 92
8 50
8 49
39 48
7 47
46 86
6 45
35 44
43 74
42 59
41 73
35 40
4 39
4 38
37 98
36 97
35 99
3 34
2 33
2 32
31 98
30 74
1 29
28 30
27 68
0 26
25 60
24 98
2 23
22 92
21 88
20 85
19 83
18 80
17 78
16 75
15 70
14 68
13 64
12 63
11 58
10 56
9 54
8 51
7 24
6 44
5 40
4 37
3 35
2 31
1 30
0 27
