99 98 97 96 95 94 93 92 91 90 89 88 87 86 85 84 83 82 81 80 79 78 77 76 75 74 73 72 71 70 69 68 67 66 65 64 63 62 61 60 59 58 57 56 55 54 53 52 51 50 49 48 47 46 45 44 43 42 41 40 39 38 37 36 35 34 33 32 31 30 29 28 27 26 25 24 23 22 21 20 19 18 17 16 15 14 13 12 11 10 9 8 7 6 5 4 3 2 1 0 
65 99
98 99
97 98
96 97
95 96
94 95
93 94
87 92
90 91
89 90
80 89
88 89
87 88
86 87
84 85
83 84
83 96
81 82
81 98
80 81
75 79
78 79
76 77
76 82
75 80
73 74
56 73
72 73
58 71
70 71
68 69
67 68
66 67
65 66
64 65
55 64
63 64
62 63
61 62
59 60
58 59
57 58
56 57
55 56
50 54
53 54
51 52
50 51
50 55
48 49
31 48
47 48
33 46
44 45
43 44
42 43
41 42
40 41
40 74
39 40
38 39
37 38
36 37
35 44
27 34
32 33
31 32
30 31
30 39
29 38
28 29
26 27
25 26
25 30
15 24
23 24
21 22
20 21
19 20
18 19
18 49
17 18
16 17
15 16
14 15
12 13
12 17
10 11
10 19
9 10
8 9
7 8
6 7
5 14
4 13
3 11
2 9
1 2
0 4
