89 88 87 86 85 84 83 82 81 80 79 78 77 76 75 74 73 72 71 70 69 68 67 66 65 64 63 62 61 60 59 58 57 56 55 54 53 52 51 50 49 48 47 46 45 44 43 42 41 40 39 38 37 36 35 34 33 32 31 30 29 28 27 26 25 24 23 22 21 20 19 18 17 16 15 14 13 12 11 10 9 8 7 6 5 4 3 2 1 0 
88 89
87 88
76 87
86 87
84 85
83 84
82 83
75 82
81 82
80 81
78 79
77 78
73 77
74 76
75 76
72 74
70 73
50 72
71 72
70 71
69 70
68 69
67 86
66 69
64 65
54 64
61 63
61 62
60 61
56 60
58 59
57 58
49 57
56 57
51 55
52 54
52 53
51 52
47 51
49 50
48 49
47 48
46 47
19 45
19 44
43 46
42 50
41 42
40 46
35 39
38 39
31 37
35 36
35 50
34 35
30 33
32 34
30 31
30 35
29 30
28 30
23 27
23 26
24 25
23 24
22 23
20 22
11 21
11 20
9 19
11 18
12 17
13 16
14 15
8 14
13 14
1 12
3 11
10 13
8 9
8 28
7 8
6 8
5 6
4 5
3 10
2 13
0 1
0 10
