99 98 97 96 95 94 93 92 91 90 89 88 87 86 85 84 83 82 81 80 79 78 77 76 75 74 73 72 71 70 69 68 67 66 65 64 63 62 61 60 59 58 57 56 55 54 53 52 51 50 49 48 47 46 45 44 43 42 41 40 39 38 37 36 35 34 33 32 31 30 29 28 27 26 25 24 23 22 21 20 19 18 17 16 15 14 13 12 11 10 9 8 7 6 5 4 3 2 1 0 
24 99
34 98
24 97
23 96
70 95
23 94
22 93
51 92
22 91
43 90
21 89
46 88
59 87
20 86
64 85
84 99
59 83
31 82
18 81
27 80
66 79
17 78
17 76
61 75
59 74
59 73
15 72
15 71
58 70
14 69
43 68
67 96
58 66
13 65
13 64
63 95
44 62
30 61
11 60
11 59
58 77
10 57
49 56
55 95
54 64
49 53
52 57
51 77
8 50
8 49
7 48
47 51
7 46
45 50
44 78
35 43
5 42
5 41
40 61
39 62
38 56
37 86
36 77
3 35
3 34
2 33
32 61
31 91
30 35
1 29
28 36
27 76
0 26
25 78
24 98
23 95
22 92
21 90
20 85
19 83
18 80
17 77
16 74
15 70
14 68
13 66
12 63
11 58
10 56
9 53
8 51
7 47
6 44
5 17
4 8
3 36
2 31
1 28
0 27
