99 98 97 96 95 94 93 92 91 90 89 88 87 86 85 84 83 82 81 80 79 78 77 76 75 74 73 72 71 70 69 68 67 66 65 64 63 62 61 60 59 58 57 56 55 54 53 52 51 50 49 48 47 46 45 44 43 42 41 40 39 38 37 36 35 34 33 32 31 30 29 28 27 26 25 24 23 22 21 20 19 18 17 16 15 14 13 12 11 10 9 8 7 6 5 4 3 2 1 0 
24 99
62 98
24 97
75 96
23 95
73 94
22 93
54 92
22 91
51 90
21 89
88 97
20 87
86 95
52 85
75 84
83 99
19 82
18 81
18 80
18 79
17 78
73 77
75 76
16 75
16 73
72 99
59 71
70 96
36 69
63 68
14 67
66 90
13 65
32 64
12 63
62 74
12 61
11 60
34 59
58 75
10 57
56 61
10 55
34 54
9 53
52 94
51 77
8 50
8 49
7 48
47 68
46 56
30 45
35 44
29 43
5 42
41 61
40 97
39 52
36 38
37 54
3 36
3 35
34 74
33 47
2 32
31 92
1 30
1 29
28 73
0 27
26 98
25 76
24 98
23 94
22 92
21 90
20 86
19 84
16 18
17 76
16 74
15 70
14 68
13 66
12 62
11 58
10 56
9 52
8 51
7 47
6 44
5 41
4 38
3 34
2 33
1 28
0 25
