99 98 97 96 95 94 93 92 91 90 89 88 87 86 85 84 83 82 81 80 79 78 77 76 75 74 73 72 71 70 69 68 67 66 65 64 63 62 61 60 59 58 57 56 55 54 53 52 51 50 49 48 47 46 45 44 43 42 41 40 39 38 37 36 35 34 33 32 31 30 29 28 27 26 25 24 23 22 21 20 19 18 17 16 15 14 13 12 11 10 9 8 7 6 5 4 3 2 1 0 
26 99
38 98
24 97
23 96
58 95
54 94
22 93
56 92
88 91
21 90
21 89
77 88
53 87
20 86
64 85
66 84
65 83
19 82
60 81
77 80
52 79
17 78
45 77
17 76
53 75
54 74
16 73
57 72
15 71
70 77
33 69
14 68
54 67
58 66
43 65
13 64
12 63
12 62
12 61
11 60
44 59
11 58
57 59
56 58
10 55
44 54
9 53
9 52
8 51
50 52
49 65
7 48
47 57
46 78
6 45
6 43
5 42
41 58
5 40
38 39
38 52
4 37
36 95
35 64
3 34
33 59
2 32
2 31
30 47
29 73
28 91
27 40
26 53
0 25
24 98
23 94
22 91
21 88
20 87
19 83
18 81
17 77
16 74
15 70
14 67
13 65
6 12
11 59
10 57
9 54
8 49
7 47
6 44
5 41
4 38
3 36
2 33
1 30
0 26
